list(0.642933620372787, 0.656997653655708, 0.0931855402886868, 
    0.926666113547981, 0.75038677919656, 0.355621907860041, 0.816674351226538, 
    0.878443040652201, 0.50851266621612, 0.26024872623384, 0.932193028042093, 
    0.707554017659277, 0.977374779526144, 0.755616141250357, 
    0.28824781649746, 0.161668057320639, 0.124178755562752, 0.821872155880556, 
    0.809348326874897, 0.491360670654103, 0.715360469883308, 
    0.291460427921265, 0.11953513068147, 0.386173615930602, 0.536394597264007, 
    0.425209178356454, 0.993331164354458, 0.230370148085058, 
    0.0365946365054697, 0.642451472813264, 0.224188966443762, 
    0.556327621918172, 0.194949998985976, 0.509514033561572, 
    0.922817954793572, 0.0902947124559432, 0.0918428187724203, 
    0.297777510015294, 0.730534114409238, 0.304822482634336, 
    0.890200390713289, 0.388346885098144, 0.0321601654868573, 
    0.420409746700898, 0.233296918449923, 0.805865392321721, 
    0.804736110614613, 0.902494875248522, 0.128989891847596, 
    0.338803394697607, 0.873076393967494, 0.607343275798485, 
    0.336509425658733, 0.747360429028049, 0.399734222097322, 
    0.809622482163832, 0.0939605312887579, 0.142527411924675, 
    0.401280193822458, 0.455931060248986, 0.638077311217785, 
    0.772872955771163, 0.0440388908609748, 0.242116131121293, 
    0.220212877728045, 0.392781012458727, 0.65866492735222, 0.0891208141110837, 
    0.652152594178915, 0.262980161001906, 0.14387071901001, 0.99197371955961, 
    0.128015333786607, 0.736802625004202, 0.279193537775427, 
    0.104408608516678, 0.28048920002766, 0.509384761797264, 0.395284620113671, 
    0.867605278966948, 0.109503576764837, 0.462958398507908, 
    0.217938378686085, 0.636486537754536, 0.945766140474007, 
    0.909975546877831, 0.248114816378802, 0.2526489791926, 0.40690009505488, 
    0.787767409579828, 0.27246018871665, 0.167148120468482, 0.777539050905034, 
    0.902949347859249, 0.962458248250186, 0.277484845835716, 
    0.575459900312126, 0.437505719484761, 0.971532486379147, 
    0.670290031237528, 0.69123906455934, 0.831588708329946, 0.00169096211902797, 
    0.978912609862164, 0.976612804224715, 0.650298393564299, 
    0.153461348032579, 0.0945600809063762, 0.684939246159047, 
    0.730049316771328, 0.00781953358091414, 0.238491683034226, 
    0.0103561831638217, 0.366150257876143, 0.918536181328818, 
    0.552231615874916, 0.387439841870219, 0.0325713630300015, 
    0.0746541237458587, 0.33893563086167, 0.470127634005621, 
    0.530065035214648, 0.617783151566982, 0.241843295516446, 
    0.206219271291047, 0.871593322604895, 0.849966737674549, 
    0.967234467621893, 0.640218702610582, 0.0557012094650418, 
    0.979821378365159, 0.962801159126684, 0.453329968964681, 
    0.0446799129713327, 0.100357100600377, 0.0239120076876134, 
    0.244282237719744, 0.549034177558497, 0.0474812118336558, 
    0.234642632072791, 0.188889329554513, 0.450984094059095, 
    0.228273838525638, 0.504144340753555, 0.8759183306247, 0.275851017329842, 
    0.959126567700878, 0.465418282430619, 0.85409097908996, 0.0960089387372136, 
    0.934502028860152, 0.589115642243996, 0.326440800447017, 
    0.804700380424038, 0.392914895666763, 0.680532722501084, 
    0.499356465181336, 0.466100569581613, 0.243174352450296, 
    0.539547184249386, 0.12052934220992, 0.997025165706873, 0.328834275016561, 
    0.241773709887639, 0.336443733423948, 0.0540111993905157, 
    0.838957543252036, 0.229962651850656, 0.482504670973867, 
    0.0376413022167981, 0.243975981604308, 0.765197385801002, 
    0.530386520782486, 0.576861875131726, 0.141095664585009, 
    0.735092160059139, 0.687277876073495, 0.118769419146702, 
    0.351443455554545, 0.843984194565564, 0.270956328837201, 
    0.360564778791741, 0.806042680051178, 0.131912040524185, 
    0.9307987971697, 0.59019804536365, 0.952549777459353, 0.062442775350064, 
    0.0574030063580722, 0.257128119003028, 0.581128618214279, 
    0.188945309724659, 0.377608870854601, 0.852930851047859, 
    0.553150162100792, 0.275067172246054, 0.21932709380053, 0.844974501524121, 
    0.861945759039372, 0.343613727018237, 0.431640795897692, 
    0.702083522221074, 0.999312588712201, 0.8910280931741, 0.117968081263825, 
    0.433391446014866, 0.821884041884914, 0.00702204206027091, 
    0.620295617263764, 0.616650203475729, 0.04376603779383, 0.449697319418192, 
    0.221948439022526, 0.876630227314308, 0.541334261419252, 
    0.170024909544736, 0.420097618130967, 0.403516913298517, 
    0.55637775384821, 0.464376375777647, 0.907028084388003, 0.283328025834635, 
    0.125222482252866, 0.662175396690145, 0.39625016017817, 0.136737552471459, 
    0.693805168149993, 0.0787590597756207, 0.229106372455135, 
    0.0243427695240825, 0.797744498355314, 0.730545768514276, 
    0.270325051387772, 0.353041633730754, 0.435432756552473, 
    0.631044810637832, 0.994299408514053, 0.933705987641588, 
    0.46885470347479, 0.434415363240987, 0.893823223887011, 0.274221800733358, 
    0.656724207103252, 0.594589242246002, 0.299309655325487, 
    0.195606734137982, 0.195153110893443, 0.474226663820446, 
    0.901230985997245, 0.531942032277584, 0.0303275920450687, 
    0.887297809356824, 0.134800677653402, 0.549873628187925, 
    0.174998911796138, 0.532196054933593, 0.291493697557598, 
    0.58928487659432, 0.214974225964397, 0.994427594123408, 0.389410008443519, 
    0.0264840486925095, 0.0866316063329577, 0.636848380789161, 
    0.758558070287108, 0.36938348133117, 0.744727373821661, 0.308344111312181, 
    0.999663109891117, 0.884477260755375, 0.655343744205311, 
    0.516927785705775, 0.767901488114148, 0.531713567441329, 
    0.121223657159135, 0.739395036129281, 0.636666827369481, 
    0.663557220017537, 0.469322958961129, 0.391590627608821, 
    0.625701430486515, 0.593025723239407, 0.247866695746779, 
    0.577302251011133, 0.347546338569373, 0.143089521909133, 
    0.521262482972816, 0.828646310837939, 0.716329567832872, 
    0.274015835253522, 0.93184385728091, 0.426651064539328, 0.671668705530465, 
    0.893489529844373, 0.552758997306228, 0.250032230978832, 
    0.773674259427935, 0.268289184896275, 0.0397526596207172, 
    0.169676867546514)
