list(-1.39605937898159, -1.95341747999191, -1.54625150095671, 
    -1.38211031258106, 1.92417185381055, -1.86024721805006, 0.15404683817178, 
    -1.77003134507686, -0.736759676598012, -1.63700006622821, 
    -0.990027413703501, 1.13422576151788, 1.26298397965729, 1.76145847607404, 
    -0.72990379948169, -1.70465562865138, -1.53258650470525, 
    -0.821134317666292, -0.00260856654495001, 0.532520852051675, 
    1.01054998021573, 0.761748801916838, -0.520431026816368, 
    -1.25510443467647, -1.82224572729319, -1.25805742293596, 
    -1.24693807493895, 0.702927283942699, 0.0547196622937918, 
    -1.88440609909594, 1.39519361034036, 1.67952951230109, -1.71806349698454, 
    1.26156564801931, -1.94700441602618, -1.31578172836453, 0.821390816010535, 
    0.0352185005322099, -0.28811546228826, -0.472182371653616, 
    -1.60951244737953, -1.62701573502272, 1.9355932213366, 1.44881784915924, 
    -1.79618867300451, 1.92182142008096, 0.716447254642844, 0.771883310750127, 
    -0.43627346213907, 0.0453712493181229, -1.01749260723591, 
    0.974680746905506, 0.17452419642359, 1.0005900785327, 0.606467003002763, 
    -1.72139015980065, 1.08003443013877, -0.298375943675637, 
    -0.0835456224158406, 1.35760328639299, 1.29702791199088, 
    -1.827681068331, -1.44881712086499, -0.628995870240033, 1.70744304172695, 
    1.34286791086197, -0.0681777056306601, -1.21081609651446, 
    -1.75322150345892, 0.102428382262588, 0.17944020498544, -1.65984808560461, 
    1.02893576119095, -0.245643004775047, 1.5179704753682, 0.982553606852889, 
    0.4239133419469, -1.77871773019433, -1.57113373093307, -0.755103887058794, 
    0.453678000718355, 0.351460195146501, 1.25674099940807, 0.400870564393699, 
    1.44729584641755, 0.986320400610566, -1.02836499735713, 1.74318080954254, 
    -1.95862399972975, -0.226455355994403, -1.20317005738616, 
    0.272366569377482, -1.480573666282, 0.608429149724543, 0.00246056541800499, 
    0.597745563834906, -1.47615442704409, -1.47199339140207, 
    0.926360382698476, 0.847218217328191, 1.91510001104325, -1.22931542154402, 
    -0.0264319386333227, -1.50365640316159, -0.901241223327816, 
    0.781920672394335, 0.509910297580063, 1.28283085487783, 0.955849145539105, 
    0.428444761782885, -0.847258851863444, -1.62307417858392, 
    0.978738237172365, -0.358107472769916, -1.58518371824175, 
    -1.16924101486802, -0.359236363321543, -0.857664487324655, 
    1.31579843722284, 1.74545576795936, -1.91216962970793, 1.87880856357515, 
    1.90284102223814, 0.670268954709172, 0.732045762240887, -0.64368589501828, 
    1.19133543875068, 0.068413401953876, -1.50176022108644, 0.672465272247791, 
    0.847510787658393, 0.865288821049035, -0.984685206785798, 
    0.328002142719924, -1.27915680035949, -0.595460585318506, 
    -1.0112515296787, -0.813563319854438, -1.23451068717986, 
    -0.62587162386626, -1.31081224232912, 1.9904972910881, 0.504528703168035, 
    -1.82036780659109, 1.87675830721855, -0.236974391154945, 
    -0.353323728777468, 1.34060089290142, -0.815996183082461, 
    0.980914771556854, 0.019781150855124, -1.73026793450117, 
    -0.656570575200021, -0.867297692224383, 1.74112189747393, 
    -0.417430351488292, 0.491746579296887, 0.0326839089393616, 
    -0.314043146558106, -0.203357430174947, 1.60398042015731, 
    1.14772374089807, -1.14239834062755, -0.535107637755573, 
    0.880958126857877, 1.33301548473537, 0.973470318131149, 1.53455981146544, 
    -0.931201702915132, 0.856864948756993, -0.951943871565163, 
    1.80111464112997, 0.434550085105002, -0.948308773338795, 
    0.223836169578135, -0.780402367003262, 0.548629620112479, 
    -1.38950018119067, 0.796520161442459, -0.565091335214674, 
    0.0207599950954318, -0.452724309638143, 1.26258705183864, 
    1.11726020555943, -1.3954053176567, -1.83395071234554, -0.407829877920449, 
    -1.91705716494471, 1.30935740564018, 1.80053884442896, -0.343596494756639, 
    1.40108560118824, -0.482660503126681, -1.32425638101995, 
    -0.560829780995846, -0.829348064959049, 0.835471491329372, 
    -1.46457428764552, -0.360184195451438, 1.55457007326186, 
    -1.49073797650635, 1.69968214258552, 0.00612236279994249, 
    -0.958350763656199, -0.645818064920604, 1.00350998900831, 
    -0.926781613379717, -1.12133397720754, 1.90231812093407, 
    1.61265049502254, 1.00028727576137, -1.61850973218679, 1.8137362152338, 
    0.208048911765218, 1.3124044155702, -1.0799936875701, -0.595091696828604, 
    -1.8879545070231, 0.456541361287236, 1.72307186853141, -0.329030419699848, 
    0.275267444550991, -0.0280724316835403, 0.883915900252759, 
    -0.442662721499801, -1.35241083335131, -0.0991132147610188, 
    -1.14825868606567, -0.794905789196491, -0.565987299196422, 
    1.71342146303505, 0.0577675076201558, -1.8842227589339, 0.154939785599709, 
    1.29010879900306, 1.25459027756006, -1.79447155632079, -1.66519811470062, 
    -1.09762820135802, -0.839381947182119, 1.96211642585695, 
    -0.453809694387019, 0.291376962326467, -1.05002026353031, 
    -0.293814303353429, 0.897422149777412, -0.24445909820497, 
    1.73600562475622, 0.177875052206218, 0.534038999117911, 1.09821716323495, 
    0.87967028748244, -0.63025164604187, 0.403867430053651, 0.0454145800322294, 
    -1.44162185396999, 0.190642723813653, -0.277816193178296, 
    0.890790264122188, -0.0134102385491133, 1.21691258251667, 
    -1.07412542589009, 0.694102470763028, 0.745380567386746, 
    -0.0140302143990993, -0.593461425974965, -1.58985332772136, 
    -1.07388302218169, 0.265199874527752, -0.960300787352026, 
    -0.570757478475571, -1.28146471455693, -0.364873514510691, 
    -1.30645976308733, 0.748234673403203, -1.48366252426058, 
    -1.00528979673982, -0.910917139612138, 0.474751685746014, 
    -1.38651151861995, 0.310559726320207, 1.36802199855447, -0.959202240221202, 
    -0.850830411538482, -0.814209357835352, -1.81836965680122, 
    -0.0907855127006769, -0.241859491914511, -0.441151632927358, 
    0.169062198139727, 1.98495496436954, -0.767493028193712, 
    0.180837933905423, -0.0491499276831746, -1.35401945281774, 
    1.34418990090489, 0.693931562826037, -0.356518687680364, 
    0.514884025789797, -1.45631643198431)
